2.704319081526702E-7
2.704319081526702E-7
6.294735353306443E-4
2.704319081526702E-7
0.018337046588792195
2.704319081526702E-7
2.704319081526702E-7
0.029213271662238117
2.704319081526702E-7
2.704319081526702E-7
0.04916799865649427
0.0028766274761252574
0.006651846096660206
0.008000138461136974
2.704319081526702E-7
0.017528071170106133
2.704319081526702E-7
2.704319081526702E-7
2.704319081526702E-7
2.704319081526702E-7
0.0067417322542919905
0.019415680480373607
0.12197578633823974
0.02166283442116822
2.704319081526702E-7
0.010966381662985863
0.09006620037895623
2.704319081526702E-7
2.704319081526702E-7
0.005663098362710577
0.016988754224315426
0.022921240628013203
2.704319081526702E-7
0.003415944421915964
0.08647075407368485
0.0020676520574391963
0.0328087179675095
0.0018878797421756272
0.029572816292765258
1.8004274717172168E-4
2.704319081526702E-7
0.0015283351116484893
0.10570639180688675
0.0043148059982338095
0.0013485627963849202
0.012404560185094416
0.020674086687218592
2.704319081526702E-7
0.010876495505354078
0.006831618411923775
2.699289048035062E-4
0.19945765421683798
2.704319081526702E-7
2.704319081526702E-7
2.704319081526702E-7
2.704319081526702E-7
2.704319081526702E-7
2.704319081526702E-7
0.029393043977501688
0.001977765899807412
2.704319081526702E-7
