1.5665586352166237E-7
1.5665586352166237E-7
0.001301888553796775
1.5665586352166237E-7
0.023327192266827425
1.5665586352166237E-7
1.5665586352166237E-7
6.249879668714833E-4
1.5665586352166237E-7
1.5665586352166237E-7
0.0014580963815487655
5.222593178085179E-5
0.012496782876022754
0.0021349969684740576
1.5665586352166237E-7
0.009320557045065616
1.5665586352166237E-7
1.5665586352166237E-7
1.5665586352166237E-7
1.5665586352166237E-7
0.013798514773956008
0.03327242396703747
0.0040094909014979415
1.0429520769818193E-4
1.5665586352166237E-7
0.016245770742070526
0.09096518168343927
1.5665586352166237E-7
1.5665586352166237E-7
1.5665586352166237E-7
0.07300128149196038
0.0021870662443913874
8.85334346458134E-4
1.5665586352166237E-7
0.006144331214108478
4.1671086320216273E-4
0.001301888553796775
0.009945388356073578
4.1671086320216273E-4
1.5665586352166237E-7
0.002291204796226048
7.291265187061435E-4
0.0866955010582182
0.02629514099411524
5.222593178085179E-5
0.14881414722759304
0.24883922626478425
1.5665586352166237E-7
1.5665586352166237E-7
0.015777147258814555
5.729186909541531E-4
0.1647994149342134
1.5665586352166237E-7
1.5665586352166237E-7
1.5665586352166237E-7
1.5665586352166237E-7
1.5665586352166237E-7
1.5665586352166237E-7
0.0016663734852180863
5.222593178085179E-5
1.5665586352166237E-7
