5.2630017497849283E-8
5.423407517114873E-4
5.2630017497849283E-8
1.0501162131310872E-4
0.05232210979087951
1.5749111696091415E-4
5.2630017497849283E-8
1.7545795233432994E-5
5.2630017497849283E-8
5.2630017497849283E-8
1.7545795233432994E-5
3.503896044936814E-5
5.2630017497849283E-8
0.0010146562125417364
5.2630017497849283E-8
5.2630017497849283E-8
5.2630017497849283E-8
5.2630017497849283E-8
5.2630017497849283E-8
5.2630017497849283E-8
0.06339528337256646
5.2630017497849283E-8
5.2630017497849283E-8
5.2630017497849283E-8
5.2630017497849283E-8
0.006682441742504723
0.20696169029974623
5.2630017497849283E-8
5.2630017497849283E-8
5.2630017497849283E-8
3.503896044936814E-5
5.2630017497849283E-8
5.2630017497849283E-8
5.2630017497849283E-8
0.026029882471328994
5.253212566530328E-5
5.2630017497849283E-8
0.030892982401358966
5.2630017497849283E-8
5.2630017497849283E-8
3.503896044936814E-5
5.2630017497849283E-8
0.2123845715166861
5.2630017497849283E-8
5.2630017497849283E-8
0.1460329958526441
5.2630017497849283E-8
5.2630017497849283E-8
5.2630017497849283E-8
0.013924612141901873
5.253212566530328E-5
0.235615494923448
5.2630017497849283E-8
5.2630017497849283E-8
5.2630017497849283E-8
5.2630017497849283E-8
5.2630017497849283E-8
5.2630017497849283E-8
0.0036736173253638787
1.7545795233432994E-5
5.2630017497849283E-8
